ll. Index 01 Names.

A.

8111111111 105.

8111141156.

Alexander rnsgnus 516.

Alexander psps 105.

0 Ambrosius 4, 8, 15, 55, 58, 99,
100,101, 151,141, 141, 151, 151,
154165, 171, 119, 110, 116,
²4⁴, ²452 ²4⁶, 2751 28819921
195,· 511, 511.

Ananias 175, 108.

Angiis 108, 104, 178,181,515,
518, 510, 511.

819111111111111116, 184, 510511.

81111111119111 90.

8091111 515, 540.

819111 111111 511.

8111111111 5, 150, 151, 105.

Antichristus 10, 61, 187, 115,
176, 179, 186, 190, 511, 519,
511, 519, 550, 354.

Archidisconus 49.

Aristoteles 109, 141, 161,165,
mmmn

Arius 98.

Arnischsnus 11, 90, 101, 119,
111,191.

Augustinus 5, 5, 6, 7, 17, 18,
AQQQAQQQ
18888888
99, 115, 116, 117, 119, 111, 111,
QQQQQQQ
QQQQQQ
QQQQQQQ
fflnmfflmffim
187, 100, 105, 111, 115, 110,
QOmmm
²49» ²54s 2611 2651 2721 ι771
Qmmmffiffi
188, 189, 190, 191, 195,197,
meme
mmmmm

81111011 197, 161.

811101111 curis 111.

8111100111 11111111 61, 108115,
141, 156, 115.

8111011111 episc. 178179, 189.

Β.

8111 145.

8111101111 61.

81111111 114.

81911111, 1111 iohannes.

Bsrien 557.

8111111 61, 65.

Benedictus psps 107.

berengerius 1, 4, 15, 50, 55, 54,
58, 41, 47, 49, 106, 107,108,
111, 117, 115, 197,115,116,150,
memm

8111111111 158.

8111111111 S. 5, 59, 46.

8111111 166.

8011111111 106.

80011111111 5, 110, 155.

8011111111 100.

G

Contursriensis provincis 184.

Csynt 41.

cestrensis (8111191111 11
1119111) 107, 141,115,178.

chrysostomus 96, 98.

Clemens V. 111, 115.

Corinthi 56, 57.

D.

Dsmsscenus 10, 151, 187, 510.
[111111 107.

1511111111 75.

Demetrius Eph. 194.
1111118911. 194.

1501111111 9, 61, 174. 1811181.

Ε.

897911156, 166,
81111111 557.
Ephesi 194.
Ephesus 194.
Essu 517.

F.

Francis 178.
Francis 111111. 510. ·

G!
(111111 51.
(111111111 eccles. 107.
(11111111151. ’
Gesi 85, 108.
(1111111111 Ρο111111111 too.
Grecisnus 190.
Grecics 11119111 90.
Greci 101.
(1119011111, 6, 10, 16, 95, 104,
,ωώώῶᾙω
Gregorius itt. 141, 178.
Guitmnndns 185.

111111111111911190. 1
Η11111111 100.

(11111185, 150. .

1111111111 85, 108.

hienricus (1111114, 116, 106.
iheronimus, 1111 leronymus.
Hilarius 51, 115, 116, 117.
Honorius 9191178.

Husso 118. 8111011 5.
11111011. 13.

let 1.

1110111175,105, 519, 555.
11101111 11 81111 510.
Jesse 59.

Jererniss 1.

 

